[-0.19457555  0.08063807  0.07257391 -0.03242566 -0.09056139  0.01878725
 -0.08690425 -0.05703069  0.12881011 -0.17981718  0.18529558  0.01132772
 -0.1449137  -0.07881145 -0.02373048  0.15439707 -0.07891352 -0.17186096
 -0.05897329 -0.12253696  0.03163908 -0.01980327 -0.06481632  0.01376016
 -0.16622509 -0.28150481 -0.09692245 -0.02502226  0.10090467 -0.04269541
 -0.06849435 -0.03039605 -0.19841264 -0.05355944  0.04453852  0.11970393
 -0.03953951  0.02464287  0.19623688  0.00392964 -0.16951968  0.05524711
  0.06155984  0.30661413  0.13358179  0.09955306  0.01448778 -0.04834335
  0.16028747 -0.24424922  0.08134205  0.15726812  0.12424179  0.08646363
  0.0225824  -0.11890663  0.07001647  0.15515113 -0.21046157  0.10476531
  0.04975585 -0.11201756 -0.06147365  0.03588433  0.23982947  0.15730855
 -0.10094093 -0.1984953   0.19469257 -0.13774836  0.01179813  0.0995011
 -0.09188387 -0.16400152 -0.27767819  0.08184135  0.48253039  0.21859248
 -0.14020512  0.0551246  -0.05291295  0.00947094  0.15258484  0.07198075
 -0.106075   -0.01263403 -0.06592232  0.05570913  0.22380716  0.03660481
 -0.06633913  0.14942402  0.11390351  0.07915547  0.01338669  0.05033791
 -0.10421015 -0.087271   -0.13611881 -0.07743105  0.02179698  0.0198588
  0.06617997  0.12435935 -0.14953446  0.23036323 -0.00157731  0.01523483
 -0.06388357  0.10826083 -0.05877905 -0.0219958   0.04710982 -0.22977705
  0.18351534  0.18849967  0.05272955  0.13001972  0.15751308 -0.00439875
  0.05391978 -0.02910418 -0.11531103 -0.10887675  0.02489252 -0.06405801
  0.16302882  0.04823836]
